# File generated by CMD 3.8 (http://stev.oapd.inaf.it/cmd) on Mon Jun 30 19:40:18 UTC 2025
# isochrones based on PARSEC release v1.2S +  COLIBRI S_37 + S_35 + PR16
# Basic references: Bressan et al. (2012), MNRAS, 427, 127 + Chen et al. (2014, 2015), MNRAS, 444, 2525 + MNRAS, 452, 1068 + Tang et al. (2014), MNRAS, 445, 4287 + Marigo et al. (2017), ApJ, 835, 77 + Pastorelli al. (2019), MNRAS, 485, 5666 + Pastorelli al. (2020), MNRAS, in press
# Thermal pulse cycles included 
# On RGB, assumed Reimers mass loss with efficiency eta=0.2
# LPV periods and growth rates added cf. Trabucchi et al. (2019)
# but fundamental-mode LPV periods + transition are from Trabucchi et al. (2021)
# Photometric system: LSST ugrizy, Sept 2023, total filter throughputs R1.9 (all ABmags)
# Using YBC version of bolometric corrections as in Chen et al. (2019)
# O-rich circumstellar dpmod60alox40 dust from Groenewegen (2006)
# C-rich circumstellar AMCSIC15 dust from Groenewegen (2006)
# IMF: Kroupa (2001, 2002) + Kroupa et al. (2013) canonical two-part-power law IMF corrected for unresolved binaries 
# Kind of output: isochrone tables
Zini     MH   logAge Mini        int_IMF         Mass   logL    logTe  logg  label   McoreTP C_O  period0  period1  period2  period3  period4  pmode  Mloss  tau1m   X   Y   Xc  Xn  Xo  Cexcess  Z        mbolmag  umag    gmag    rmag    imag    zmag    ymag
0.0028419 -0.73370 10.11594 0.0900000036 1.0816895926    0.090 -3.281  3.4246  5.323    1  0.000  0.545     0.00     0.00     0.00     0.00     0.00 -1 -9.93e-18      0.00 7.408e-01 2.562e-01 5.419e-04 1.462e-04 1.326e-03 -1.000 3.014e-03 12.972 20.361 18.085 16.372 13.763 12.730 12.273
0.0028419 -0.73370 10.11594 0.0912794471 1.0938340321    0.091 -3.252  3.4287  5.317    1  0.000  0.545     0.00     0.00     0.00     0.00     0.00 -1 -1.17e-17      0.00 7.407e-01 2.563e-01 5.419e-04 1.462e-04 1.326e-03 -1.000 3.014e-03 12.899 20.242 17.880 16.175 13.647 12.642 12.199
0.0028419 -0.73370 10.11594 0.0995957851 1.1677209598    0.100 -3.071  3.4540  5.275    1  0.000  0.545     0.00     0.00     0.00     0.00     0.00 -1  -6.4e-17      0.00 7.398e-01 2.572e-01 5.419e-04 1.462e-04 1.326e-03 -1.000 3.014e-03 12.446 19.430 16.685 15.059 12.956 12.110 11.740
0.0028419 -0.73370 10.11594 0.1187873632 1.3112705487    0.119 -2.802  3.4866  5.213    1  0.000  0.545     0.00     0.00     0.00     0.00     0.00 -1 -1.42e-16      0.00 7.380e-01 2.590e-01 5.419e-04 1.462e-04 1.326e-03 -1.000 3.014e-03 11.776 18.044 15.142 13.578 12.029 11.377 11.083
0.0028419 -0.73370 10.11594 0.1379789412 1.4274480842    0.138 -2.618  3.5058  5.170    1  0.000  0.545     0.00     0.00     0.00     0.00     0.00 -1 -1.58e-17      0.00 7.365e-01 2.605e-01 5.419e-04 1.462e-04 1.326e-03 -1.000 3.014e-03 11.314 17.076 14.245 12.725 11.451 10.897 10.639
0.0028419 -0.73370 10.11594 0.1571705043 1.5243140783    0.157 -2.475  3.5184  5.135    1  0.000  0.545     0.00     0.00     0.00     0.00     0.00 -1 -2.88e-16      0.00 7.353e-01 2.617e-01 5.419e-04 1.462e-04 1.326e-03 -1.000 3.014e-03 10.959 16.383 13.631 12.143 11.029 10.535 10.297
0.0028419 -0.73370 10.11594 0.1955536604 1.6785730773    0.195 -2.256  3.5348  5.075    1  0.000  0.545     0.00     0.00     0.00     0.00     0.00 -1 -4.58e-16      0.00 7.336e-01 2.634e-01 5.419e-04 1.462e-04 1.326e-03 -1.000 3.014e-03 10.410 15.432 12.796 11.363 10.411 9.982 9.767
0.0028419 -0.73370 10.11594 0.2435325980 1.8236281576    0.243 -2.050  3.5474  5.014    1  0.000  0.545     0.00     0.00     0.00     0.00     0.00 -1 -5.33e-18      0.00 7.330e-01 2.640e-01 5.419e-04 1.462e-04 1.326e-03 -1.000 3.014e-03 9.894 14.629 12.083 10.694 9.850 9.466 9.266
0.0028419 -0.73370 10.11594 0.2915115356 1.9355950555    0.291 -1.889  3.5564  4.969    1  0.000  0.545     0.00     0.00     0.00     0.00     0.00 -1 -3.56e-17      0.00 7.330e-01 2.640e-01 5.419e-04 1.462e-04 1.326e-03 -1.000 3.014e-03 9.494 14.044 11.556 10.198 9.423 9.068 8.879
0.0028419 -0.73370 10.11594 0.3394904435 2.0258484891    0.339 -1.755  3.5641  4.931    1  0.000  0.545     0.00     0.00     0.00     0.00     0.00 -1 -5.81e-16      0.00 7.406e-01 2.564e-01 5.419e-04 1.462e-04 1.326e-03 -1.000 3.014e-03 9.157 13.561 11.119 9.786 9.065 8.735 8.554
0.0028419 -0.73370 10.11594 0.3874693811 2.1008777099    0.387 -1.610  3.5746  4.886    1  0.000  0.545     0.00     0.00     0.00     0.00     0.00 -1 -1.06e-15      0.00 7.428e-01 2.542e-01 5.419e-04 1.462e-04 1.326e-03 -1.000 3.014e-03 8.795 13.015 10.630 9.333 8.679 8.378 8.208
0.0028419 -0.73370 10.11594 0.4354483485 2.1647074556    0.435 -1.447  3.5886  4.830    1  0.000  0.545     0.00     0.00     0.00     0.00     0.00 -1 -2.62e-15      0.00 7.429e-01 2.541e-01 5.419e-04 1.462e-04 1.326e-03 -1.000 3.014e-03 8.388 12.374 10.066 8.825 8.245 7.980 7.824
0.0028419 -0.73370 10.11594 0.4834272265 2.2199922735    0.483 -1.266  3.6088  4.775    1  0.000  0.545     0.00     0.00     0.00     0.00     0.00 -1 -4.02e-15      0.00 7.429e-01 2.541e-01 5.419e-04 1.462e-04 1.326e-03 -1.000 3.014e-03 7.935 11.610 9.403 8.260 7.762 7.537 7.399
0.0028419 -0.73370 10.11594 0.5314062238 2.2676422425    0.531 -1.059  3.6377  4.725    1  0.000  0.544     0.00     0.00     0.00     0.00     0.00 -1 -6.54e-15      0.00 7.652e-01 2.321e-01 4.901e-04 1.323e-04 1.200e-03 -1.000 2.710e-03 7.418 10.680 8.595 7.611 7.218 7.044 6.930
0.0028419 -0.73370 10.11594 0.5793851018 2.3065754359    0.578 -0.852  3.6704  4.685    1  0.000  0.544     0.00     0.00     0.00     0.00     0.00 -1 -1.06e-14      0.00 7.821e-01 2.153e-01 4.653e-04 1.257e-04 1.140e-03 -1.000 2.569e-03 6.899 9.560 7.739 6.961 6.673 6.552 6.467
0.0028419 -0.73370 10.11594 0.6273640394 2.3387416078    0.627 -0.651  3.7019  4.646    1  0.000  0.544     0.00     0.00     0.00     0.00     0.00 -1 -1.68e-14      0.00 7.884e-01 2.090e-01 4.544e-04 1.228e-04 1.115e-03 -1.000 2.559e-03 6.398 8.446 6.992 6.378 6.157 6.073 6.018
0.0028419 -0.73370 10.11594 0.6275870800 2.3388779847    0.627 -0.650  3.7020  4.645    1  0.000  0.544     0.00     0.00     0.00     0.00     0.00 -1 -1.69e-14      0.00 7.884e-01 2.090e-01 4.544e-04 1.227e-04 1.114e-03 -1.000 2.559e-03 6.395 8.441 6.989 6.376 6.154 6.070 6.016
0.0028419 -0.73370 10.11594 0.6409848332 2.3468702015    0.640 -0.594  3.7107  4.633    1  0.000  0.543     0.00     0.00     0.00     0.00     0.00 -1  -6.7e-15      0.00 7.905e-01 2.069e-01 4.511e-04 1.219e-04 1.107e-03 -1.000 2.553e-03 6.254 8.156 6.796 6.220 6.014 5.940 5.893
0.0028419 -0.73370 10.11594 0.6534480453 2.3539675592    0.653 -0.541  3.7186  4.620    1  0.000  0.543     0.00     0.00     0.00     0.00     0.00 -1 -4.92e-16      0.00 7.925e-01 2.050e-01 4.480e-04 1.210e-04 1.100e-03 -1.000 2.500e-03 6.122 7.901 6.621 6.078 5.886 5.820 5.780
0.0028419 -0.73370 10.11594 0.6650822163 2.3603175002    0.664 -0.491  3.7258  4.607    1  0.000  0.543     0.00     0.00     0.00     0.00     0.00 -1 -1.41e-17      0.00 7.943e-01 2.032e-01 4.450e-04 1.203e-04 1.093e-03 -1.000 2.468e-03 5.998 7.674 6.462 5.946 5.766 5.707 5.673
0.0028419 -0.73370 10.11594 0.6753430367 2.3657095638    0.675 -0.447  3.7321  4.595    1  0.000  0.543     0.00     0.00     0.00     0.00     0.00 -1 -2.75e-14      0.00 7.960e-01 2.015e-01 4.424e-04 1.196e-04 1.086e-03 -1.000 2.458e-03 5.888 7.478 6.324 5.831 5.660 5.607 5.578
0.0028419 -0.73370 10.11594 0.6861193776 2.3711733216    0.685 -0.400  3.7382  4.579    1  0.000  0.542     0.00     0.00     0.00     0.00     0.00 -1 -3.09e-14      0.00 7.981e-01 1.995e-01 4.378e-04 1.186e-04 1.078e-03 -1.000 2.448e-03 5.771 7.281 6.181 5.709 5.549 5.501 5.478
0.0028419 -0.73370 10.11594 0.6980069280 2.3769759859    0.697 -0.348  3.7449  4.561    1  0.000  0.541     0.00     0.00     0.00     0.00     0.00 -1 -1.23e-18      0.00 8.004e-01 1.972e-01 4.328e-04 1.175e-04 1.068e-03 -1.000 2.404e-03 5.640 7.071 6.023 5.575 5.425 5.384 5.365
0.0028419 -0.73370 10.11594 0.7089253664 2.3821088996    0.708 -0.299  3.7508  4.542    1  0.000  0.540     0.00     0.00     0.00     0.00     0.00 -1  -7.2e-17      0.00 8.026e-01 1.950e-01 4.281e-04 1.165e-04 1.059e-03 -1.000 2.397e-03 5.517 6.882 5.878 5.451 5.310 5.275 5.260
0.0028419 -0.73370 10.11594 0.7193225026 2.3868305444    0.719 -0.251  3.7562  4.522    1  0.000  0.539     0.00     0.00     0.00     0.00     0.00 -1 -8.24e-16      0.00 8.048e-01 1.929e-01 4.236e-04 1.155e-04 1.050e-03 -1.000 2.358e-03 5.397 6.705 5.739 5.331 5.199 5.169 5.158
0.0028419 -0.73370 10.11594 0.7241688967 2.3889782313    0.723 -0.228  3.7587  4.512    1  0.000  0.538     0.00     0.00     0.00     0.00     0.00 -1 -1.98e-14      0.00 8.058e-01 1.919e-01 4.215e-04 1.150e-04 1.046e-03 -1.000 2.355e-03 5.339 6.621 5.673 5.273 5.145 5.118 5.109
0.0028419 -0.73370 10.11594 0.7293522358 2.3912389484    0.728 -0.203  3.7611  4.500    1  0.000  0.538     0.00     0.00     0.00     0.00     0.00 -1 -2.33e-14      0.00 8.071e-01 1.905e-01 4.189e-04 1.143e-04 1.040e-03 -1.000 2.351e-03 5.277 6.535 5.603 5.211 5.088 5.063 5.055
0.0028419 -0.73370 10.11594 0.7383282185 2.3950676259    0.737 -0.159  3.7651  4.477    1  0.000  0.537     0.00     0.00     0.00     0.00     0.00 -1 -2.89e-16      0.00 8.095e-01 1.882e-01 4.144e-04 1.132e-04 1.030e-03 -1.000 2.342e-03 5.167 6.388 5.480 5.102 4.985 4.964 4.959
0.0028419 -0.73370 10.11594 0.7470632792 2.3986921375    0.746 -0.114  3.7689  4.453    1  0.000  0.536     0.00     0.00     0.00     0.00     0.00 -1 -1.34e-18      0.00 8.119e-01 1.858e-01 4.098e-04 1.120e-04 1.020e-03 -1.000 2.352e-03 5.056 6.242 5.357 4.992 4.881 4.863 4.861
0.0028419 -0.73370 10.11594 0.7549474239 2.4018808875    0.754 -0.073  3.7721  4.428    1  0.000  0.536     0.00     0.00     0.00     0.00     0.00 -1 -2.36e-17      0.00 8.141e-01 1.836e-01 4.056e-04 1.110e-04 1.010e-03 -1.000 2.320e-03 4.952 6.110 5.243 4.889 4.784 4.769 4.769
0.0028419 -0.73370 10.11594 0.7627202272 2.4049505063    0.762 -0.029  3.7751  4.402    1  0.000  0.535     0.00     0.00     0.00     0.00     0.00 -1  -1.9e-16      0.00 8.163e-01 1.814e-01 4.014e-04 1.099e-04 1.001e-03 -1.000 2.302e-03 4.844 5.977 5.126 4.783 4.682 4.670 4.672
0.0028419 -0.73370 10.11594 0.7698820829 2.4077158459    0.769  0.012  3.7777  4.374    1  0.000  0.534     0.00     0.00     0.00     0.00     0.00 -1 -1.56e-15      0.00 8.184e-01 1.793e-01 3.975e-04 1.089e-04 9.920e-04 -1.000 2.262e-03 4.740 5.852 5.014 4.680 4.584 4.575 4.578
0.0028419 -0.73370 10.11594 0.7729947567 2.4088993579    0.772  0.030  3.7787  4.362    1  0.000  0.534     0.00     0.00     0.00     0.00     0.00 -1 -1.62e-14      0.00 8.194e-01 1.784e-01 3.957e-04 1.084e-04 9.880e-04 -1.000 2.238e-03 4.694 5.798 4.965 4.635 4.540 4.532 4.536
0.0028419 -0.73370 10.11594 0.7740104795 2.4092831915    0.773  0.037  3.7790  4.358    1  0.000  0.534     0.00     0.00     0.00     0.00     0.00 -1 -1.71e-14      0.00 8.198e-01 1.780e-01 3.950e-04 1.082e-04 9.863e-04 -1.000 2.228e-03 4.679 5.780 4.949 4.620 4.526 4.518 4.522
0.0028419 -0.73370 10.11594 0.7824227214 2.4124181111    0.781  0.088  3.7812  4.319    1  0.000  0.534     0.00     0.00     0.00     0.00     0.00 -1 -2.75e-14      0.00 8.232e-01 1.746e-01 3.890e-04 1.066e-04 9.719e-04 -1.000 2.197e-03 4.550 5.636 4.812 4.492 4.401 4.396 4.401
0.0028419 -0.73370 10.11594 0.7905266285 2.4153656792    0.789  0.141  3.7828  4.278    1  0.000  0.533     0.00     0.00     0.00     0.00     0.00 -1  -4.4e-14      0.00 8.255e-01 1.723e-01 3.850e-04 1.056e-04 9.625e-04 -1.000 2.158e-03 4.418 5.494 4.676 4.361 4.274 4.270 4.275
0.0028419 -0.73370 10.11594 0.7960002422 2.4173175466    0.794  0.178  3.7836  4.246    1  0.000  0.533     0.00     0.00     0.00     0.00     0.00 -1 -1.64e-18      0.00 8.263e-01 1.715e-01 3.837e-04 1.053e-04 9.594e-04 -1.000 2.187e-03 4.324 5.395 4.579 4.268 4.182 4.178 4.184
0.0028419 -0.73370 10.11594 0.7996549606 2.4186037086    0.798  0.206  3.7836  4.221    1  0.000  0.533     0.00     0.00     0.00     0.00     0.00 -1 -6.11e-18      0.00 8.266e-01 1.712e-01 3.834e-04 1.052e-04 9.588e-04 -1.000 2.181e-03 4.256 5.327 4.510 4.200 4.114 4.111 4.116
0.0028419 -0.73370 10.11594 0.8056501746 2.4206845003    0.804  0.253  3.7829  4.174    1  0.000  0.533     0.00     0.00     0.00     0.00     0.00 -1 -5.34e-17      0.00 8.267e-01 1.712e-01 3.838e-04 1.053e-04 9.599e-04 -1.000 2.165e-03 4.137 5.212 4.392 4.081 3.994 3.990 3.995
0.0028419 -0.73370 10.11594 0.8117771745 2.4227745541    0.810  0.305  3.7809  4.117    1  0.000  0.533     0.00     0.00     0.00     0.00     0.00 -1 -4.99e-16      0.00 8.256e-01 1.722e-01 3.871e-04 1.062e-04 9.684e-04 -1.000 2.202e-03 4.007 5.092 4.267 3.950 3.860 3.854 3.858
0.0028419 -0.73370 10.11594 0.8128437400 2.4231346820    0.811  0.315  3.7804  4.106    1  0.000  0.533     0.00     0.00     0.00     0.00     0.00 -1 -7.38e-16      0.00 8.252e-01 1.725e-01 3.880e-04 1.065e-04 9.708e-04 -1.000 2.212e-03 3.983 5.071 4.244 3.926 3.835 3.829 3.833
0.0028419 -0.73370 10.11594 0.8171371818 2.4245734418    0.815  0.358  3.7760  4.048    2  0.000  0.533     0.00     0.00     0.00     0.00     0.00 -1 -3.64e-15      0.00 8.181e-01 1.796e-01 4.040e-04 1.108e-04 1.011e-03 -1.000 2.295e-03 3.876 4.995 4.149 3.818 3.720 3.710 3.711
0.0028419 -0.73370 10.11594 0.8211697936 2.4259090508    0.819  0.401  3.7681  3.975    2  0.000  0.533     0.00     0.00     0.00     0.00     0.00 -1  -1.3e-14      0.00 8.021e-01 1.954e-01 4.352e-04 1.194e-04 1.088e-03 -1.000 2.482e-03 3.768 4.944 4.064 3.708 3.599 3.581 3.577
0.0028419 -0.73370 10.11594 0.8218206167 2.4261231924    0.820  0.408  3.7662  3.961    2  0.000  0.533     0.00     0.00     0.00     0.00     0.00 -1 -2.15e-14      0.00 7.984e-01 1.991e-01 4.419e-04 1.212e-04 1.104e-03 -1.000 2.520e-03 3.750 4.941 4.052 3.690 3.577 3.558 3.553
0.0028419 -0.73370 10.11594 0.8229798675 2.4265036585    0.821  0.421  3.7628  3.935    2  0.000  0.534     0.00     0.00     0.00     0.00     0.00 -1 -2.44e-14      0.00 7.917e-01 2.057e-01 4.540e-04 1.244e-04 1.133e-03 -1.000 2.587e-03 3.718 4.935 4.031 3.658 3.540 3.517 3.509
0.0028419 -0.73370 10.11594 0.8247333169 2.4270768040    0.823  0.441  3.7543  3.881    2  0.000  0.535     0.00     0.00     0.00     0.00     0.00 -1 -2.99e-14      0.00 7.804e-01 2.170e-01 4.727e-04 1.294e-04 1.178e-03 -1.000 2.643e-03 3.668 4.956 4.009 3.609 3.477 3.446 3.433
0.0028419 -0.73370 10.11594 0.8261789083 2.4275472172    0.824  0.461  3.7449  3.824    2  0.000  0.536     0.00     0.00     0.00     0.00     0.00 -1 -3.62e-14      0.00 7.719e-01 2.254e-01 4.862e-04 1.331e-04 1.210e-03 -1.000 2.732e-03 3.617 4.988 3.993 3.563 3.416 3.375 3.356
0.0028419 -0.73370 10.11594 0.8273157477 2.4279158311    0.825  0.487  3.7368  3.767    2  0.000  0.536     0.00     0.00     0.00     0.00     0.00 -1 -4.34e-14      0.00 7.663e-01 2.309e-01 4.950e-04 1.354e-04 1.231e-03 -1.000 2.788e-03 3.553 5.003 3.961 3.505 3.345 3.296 3.271
0.0028419 -0.73370 10.11594 0.8283023238 2.4282347800    0.826  0.520  3.7305  3.709    2  0.000  0.536     0.00     0.00     0.00     0.00     0.00 -1 -5.27e-14      0.00 7.622e-01 2.350e-01 5.014e-04 1.371e-04 1.246e-03 -1.000 2.819e-03 3.470 4.987 3.904 3.427 3.257 3.202 3.171
0.0028419 -0.73370 10.11594 0.8292165995 2.4285295759    0.827  0.563  3.7256  3.647    2  0.000  0.537     0.00     0.00     0.00     0.00     0.00 -1 -6.54e-14      0.00 7.588e-01 2.383e-01 5.061e-04 1.384e-04 1.257e-03 -1.000 2.859e-03 3.363 4.933 3.819 3.327 3.149 3.088 3.053
0.0028419 -0.73370 10.11594 0.8293472528 2.4285716423    0.827  0.570  3.7250  3.638    2  0.000  0.537     0.00     0.00     0.00     0.00     0.00 -1 -6.77e-14      0.00 7.583e-01 2.388e-01 5.068e-04 1.385e-04 1.259e-03 -1.000 2.857e-03 3.346 4.923 3.805 3.310 3.132 3.070 3.035
0.0028419 -0.73370 10.11594 0.8301275969 2.4288225722    0.828  0.617  3.7220  3.579    3  0.000  0.537     0.00     0.00     0.00     0.00     0.00 -1 -8.35e-14      0.00 7.555e-01 2.416e-01 5.099e-04 1.394e-04 1.267e-03 -1.000 2.889e-03 3.228 4.836 3.700 3.197 3.013 2.948 2.911
0.0028419 -0.73370 10.11594 0.8307665586 2.4290276352    0.828  0.660  3.7199  3.528    3  0.000  0.537     0.00     0.00     0.00     0.00     0.00 -1 -1.01e-13      0.00 7.533e-01 2.438e-01 5.121e-04 1.400e-04 1.272e-03 -1.000 2.912e-03 3.121 4.749 3.601 3.092 2.905 2.839 2.799
0.0028419 -0.73370 10.11594 0.8314668536 2.4292519656    0.829  0.712  3.7180  3.469    3  0.000  0.537     0.00     0.00     0.00     0.00     0.00 -1 -1.25e-13      0.00 7.507e-01 2.464e-01 5.139e-04 1.406e-04 1.277e-03 -1.000 2.890e-03 2.991 4.641 3.481 2.966 2.775 2.707 2.666
0.0028419 -0.73370 10.11594 0.8319799900 2.4294160665    0.830  0.753  3.7166  3.422    3  0.000  0.536     0.00     0.00     0.00     0.00     0.00 -1 -1.49e-13      0.00 7.488e-01 2.483e-01 5.146e-04 1.411e-04 1.280e-03 -1.000 2.901e-03 2.888 4.552 3.384 2.864 2.672 2.602 2.560
0.0028419 -0.73370 10.11594 0.8325953484 2.4296125513    0.830  0.806  3.7150  3.363    3  0.000  0.535     0.00     0.00     0.00     0.00     0.00 -1 -1.85e-13      0.00 7.464e-01 2.506e-01 5.143e-04 1.421e-04 1.283e-03 -1.000 2.914e-03 2.754 4.437 3.258 2.733 2.538 2.466 2.423
0.0028419 -0.73370 10.11594 0.8330523372 2.4297582525    0.830  0.850  3.7138  3.315    3  0.000  0.532     0.00     0.00     0.00     0.00     0.00 -1  -2.2e-13      0.00 7.446e-01 2.525e-01 5.126e-04 1.437e-04 1.286e-03 -1.000 2.916e-03 2.646 4.342 3.156 2.627 2.430 2.357 2.312
0.0028419 -0.73370 10.11594 0.8334522843 2.4298856164    0.831  0.890  3.7127  3.270    3  0.000  0.530     0.00     0.00     0.00     0.00     0.00 -1 -2.59e-13      0.00 7.430e-01 2.540e-01 5.100e-04 1.462e-04 1.287e-03 -1.000 2.924e-03 2.544 4.253 3.060 2.527 2.328 2.254 2.208
0.0028419 -0.73370 10.11594 0.8338295817 2.4300056387    0.831  0.932  3.7115  3.224    3  0.000  0.526     0.00     0.00     0.00     0.00     0.00 -1 -3.04e-13      0.00 7.416e-01 2.554e-01 5.067e-04 1.496e-04 1.288e-03 -1.000 2.936e-03 2.441 4.163 2.962 2.426 2.225 2.149 2.103
0.0028419 -0.73370 10.11594 0.8341893554 2.4301199701    0.831  0.974  3.7103  3.177    3  0.000  0.522     0.00     0.00     0.00     0.00     0.00 -1 -3.59e-13      0.00 7.404e-01 2.567e-01 5.030e-04 1.537e-04 1.290e-03 -1.000 2.932e-03 2.336 4.071 2.863 2.323 2.120 2.042 1.994
0.0028419 -0.73370 10.11594 0.8345060349 2.4302205130    0.832  1.014  3.7091  3.133    3  0.000  0.519     0.00     0.00     0.00     0.00     0.00 -1 -4.19e-13      0.00 7.393e-01 2.578e-01 4.994e-04 1.579e-04 1.290e-03 -1.000 2.927e-03 2.236 3.986 2.770 2.226 2.020 1.941 1.892
0.0028419 -0.73370 10.11594 0.8348072171 2.4303160543    0.832  1.055  3.7078  3.087    3  0.000  0.515     0.00     0.00     0.00     0.00     0.00 -1 -4.92e-13      0.00 7.383e-01 2.588e-01 4.956e-04 1.624e-04 1.291e-03 -1.000 2.927e-03 2.134 3.899 2.674 2.126 1.918 1.838 1.788
0.0028419 -0.73370 10.11594 0.8351470828 2.4304237716    0.832  1.105  3.7061  3.030    3  0.000  0.511     0.00     0.00     0.00     0.00     0.00 -1 -5.97e-13      0.00 7.374e-01 2.597e-01 4.920e-04 1.668e-04 1.292e-03 -1.000 2.955e-03 2.007 3.793 2.557 2.003 1.792 1.710 1.659
0.0028419 -0.73370 10.11594 0.8354011178 2.4305042199    0.832  1.146  3.7047  2.983    3  0.000  0.509     0.00     0.00     0.00     0.00     0.00 -1 -6.98e-13      0.00 7.368e-01 2.602e-01 4.898e-04 1.696e-04 1.292e-03 -1.000 2.957e-03 1.905 3.708 2.462 1.903 1.690 1.606 1.553
0.0028419 -0.73370 10.11594 0.8356948495 2.4305971692    0.833  1.198  3.7028  2.923    3  0.000  0.506     0.00     0.00     0.00     0.00     0.00 -1 -8.49e-13      0.00 7.363e-01 2.607e-01 4.879e-04 1.721e-04 1.293e-03 -1.000 2.927e-03 1.775 3.603 2.343 1.777 1.560 1.474 1.420
0.0028419 -0.73370 10.11594 0.8359536529 2.4306790035    0.833  1.248  3.7008  2.866    3  0.000  0.505     0.00     0.00     0.00     0.00     0.00 -1 -1.03e-12      0.00 7.360e-01 2.611e-01 4.865e-04 1.737e-04 1.293e-03 -1.000 2.952e-03 1.649 3.504 2.228 1.655 1.435 1.347 1.290
0.0028419 -0.73370 10.11594 0.8361819386 2.4307511397    0.833  1.297  3.6989  2.809    3  0.000  0.504     0.00     0.00     0.00     0.00     0.00 -1 -1.23e-12      0.00 7.359e-01 2.612e-01 4.859e-04 1.744e-04 1.293e-03 -1.000 2.929e-03 1.528 3.410 2.118 1.538 1.314 1.223 1.165
0.0028419 -0.73370 10.11594 0.8363919258 2.4308174537    0.833  1.346  3.6969  2.752    3  0.000  0.504     0.00     0.00     0.00     0.00     0.00 -1 -1.48e-12      0.00 7.358e-01 2.613e-01 4.858e-04 1.747e-04 1.293e-03 -1.000 2.941e-03 1.405 3.317 2.009 1.421 1.193 1.100 1.039
0.0028419 -0.73370 10.11594 0.8365700841 2.4308736861    0.833  1.391  3.6949  2.699    3  0.000  0.504     0.00     0.00     0.00     0.00     0.00 -1 -1.75e-12      0.00 7.358e-01 2.613e-01 4.857e-04 1.748e-04 1.293e-03 -1.000 2.942e-03 1.292 3.232 1.908 1.312 1.081 0.985 0.923
0.0028419 -0.73370 10.11594 0.8367355466 2.4309258867    0.833  1.437  3.6928  2.645    3  0.000  0.504     0.00     0.00     0.00     0.00     0.00 -1 -2.08e-12      0.00 7.358e-01 2.613e-01 4.857e-04 1.748e-04 1.293e-03 -1.000 2.942e-03 1.177 3.146 1.805 1.203 0.967 0.869 0.805
0.0028419 -0.73370 10.11594 0.8368864655 2.4309734783    0.833  1.483  3.6907  2.591    3  0.000  0.504     0.00     0.00     0.00     0.00     0.00 -1 -2.46e-12      0.00 7.358e-01 2.613e-01 4.856e-04 1.749e-04 1.293e-03 -1.000 2.942e-03 1.063 3.061 1.704 1.094 0.855 0.754 0.688
0.0028419 -0.73370 10.11594 0.8370208144 2.4310158280    0.833  1.527  3.6886  2.539    3  0.000  0.504     0.00     0.00     0.00     0.00     0.00 -1 -2.89e-12      0.00 7.358e-01 2.613e-01 4.856e-04 1.750e-04 1.294e-03 -1.000 2.943e-03 0.953 2.983 1.609 0.991 0.747 0.643 0.575
0.0028419 -0.73370 10.11594 0.8371435404 2.4310545003    0.833  1.570  3.6865  2.487    3  0.000  0.504     0.00     0.00     0.00     0.00     0.00 -1 -3.38e-12      0.00 7.358e-01 2.613e-01 4.855e-04 1.750e-04 1.294e-03 -1.000 2.943e-03 0.846 2.910 1.515 0.889 0.641 0.535 0.465
0.0028419 -0.73370 10.11594 0.8372523189 2.4310887666    0.833  1.611  3.6845  2.438    3  0.000  0.504     0.00     0.00     0.00     0.00     0.00 -1 -3.93e-12      0.00 7.357e-01 2.613e-01 4.855e-04 1.751e-04 1.294e-03 -1.000 2.943e-03 0.743 2.847 1.428 0.792 0.540 0.431 0.359
0.0028419 -0.73370 10.11594 0.8373520970 2.4311201888    0.833  1.651  3.6824  2.390    3  0.000  0.504     0.00     0.00     0.00     0.00     0.00 -1 -4.55e-12      0.00 7.357e-01 2.613e-01 4.855e-04 1.751e-04 1.294e-03 -1.000 2.943e-03 0.643 2.786 1.343 0.697 0.441 0.330 0.256
0.0028419 -0.73370 10.11594 0.8374478817 2.4311503452    0.833  1.690  3.6803  2.342    3  0.000  0.504     0.00     0.00     0.00     0.00     0.00 -1 -5.25e-12      0.00 7.357e-01 2.613e-01 4.854e-04 1.752e-04 1.294e-03 -1.000 2.943e-03 0.545 2.726 1.260 0.604 0.345 0.230 0.154
0.0028419 -0.73370 10.11594 0.8375446796 2.4311808126    0.832  1.724  3.6786  2.301    3  0.000  0.504     0.00     0.00     0.00     0.00     0.00 -1 -5.95e-12      0.00 7.357e-01 2.613e-01 4.854e-04 1.752e-04 1.294e-03 -1.000 2.943e-03 0.460 2.675 1.188 0.524 0.261 0.144 0.066
0.0028419 -0.73370 10.11594 0.8376526833 2.4312147975    0.832  1.751  3.6772  2.268    3  0.000  0.504     0.00     0.00     0.00     0.00     0.00 -1 -6.62e-12      0.00 7.357e-01 2.613e-01 4.854e-04 1.752e-04 1.294e-03 -1.000 2.944e-03 0.392 2.634 1.130 0.459 0.193 0.075 -0.004
0.0028419 -0.73370 10.11594 0.8376963139 2.4312285236    0.832  1.741  3.6781  2.282    3  0.000  0.504     0.00     0.00     0.00     0.00     0.00 -1 -6.42e-12      0.00 7.357e-01 2.613e-01 4.854e-04 1.753e-04 1.294e-03 -1.000 2.944e-03 0.418 2.644 1.150 0.483 0.219 0.102 0.023
0.0028419 -0.73370 10.11594 0.8377705216 2.4312518655    0.832  1.718  3.6798  2.311    3  0.000  0.504     0.00     0.00     0.00     0.00     0.00 -1 -5.98e-12      0.00 7.357e-01 2.614e-01 4.853e-04 1.753e-04 1.294e-03 -1.000 2.944e-03 0.474 2.668 1.193 0.535 0.274 0.159 0.082
0.0028419 -0.73370 10.11594 0.8377831578 2.4312558397    0.832  1.724  3.6794  2.304    3  0.000  0.504     0.00     0.00     0.00     0.00     0.00 -1 -6.08e-12      0.00 7.357e-01 2.614e-01 4.853e-04 1.753e-04 1.294e-03 -1.000 2.944e-03 0.459 2.659 1.181 0.521 0.259 0.144 0.067
0.0028419 -0.73370 10.11594 0.8378600478 2.4312800194    0.832  1.767  3.6770  2.251    3  0.000  0.504     0.00     0.00     0.00     0.00     0.00 -1 -7.05e-12      0.00 7.357e-01 2.614e-01 4.853e-04 1.753e-04 1.294e-03 -1.000 2.944e-03 0.352 2.599 1.092 0.420 0.153 0.035 -0.045
0.0028419 -0.73370 10.11594 0.8379372954 2.4313043064    0.832  1.812  3.6745  2.196    3  0.000  0.504     0.00     0.00     0.00     0.00     0.00 -1 -8.29e-12      0.00 7.357e-01 2.614e-01 4.853e-04 1.754e-04 1.294e-03 -1.000 2.944e-03 0.240 2.538 1.001 0.316 0.043 -0.078 -0.160
0.0028419 -0.73370 10.11594 0.8380095959 2.4313270333    0.832  1.856  3.6719  2.141    3  0.000  0.504     0.00     0.00     0.00     0.00     0.00 -1 -9.75e-12      0.00 7.357e-01 2.614e-01 4.853e-04 1.754e-04 1.294e-03 -1.000 2.944e-03 0.129 2.477 0.910 0.212 -0.066 -0.191 -0.275
0.0028419 -0.73370 10.11594 0.8380751610 2.4313476392    0.831  1.900  3.6693  2.087    3  0.000  0.504     0.00     0.00     0.00     0.00     0.00 -1 -1.14e-11      0.00 7.357e-01 2.614e-01 4.852e-04 1.754e-04 1.294e-03 -1.000 2.944e-03 0.021 2.419 0.822 0.111 -0.173 -0.301 -0.387
0.0028419 -0.73370 10.11594 0.8381366134 2.4313669491    0.831  1.944  3.6666  2.033    3  0.000  0.504     0.00     0.00     0.00     0.00     0.00 -1 -1.34e-11      0.00 7.357e-01 2.614e-01 4.852e-04 1.755e-04 1.294e-03 -1.000 2.944e-03 -0.089 2.364 0.735 0.010 -0.280 -0.411 -0.500
0.0028419 -0.73370 10.11594 0.8381909132 2.4313840089    0.831  1.985  3.6641  1.980    3  0.000  0.503     0.00     0.00     0.00     0.00     0.00 -1 -1.56e-11      0.00 7.357e-01 2.614e-01 4.852e-04 1.755e-04 1.294e-03 -1.000 2.945e-03 -0.193 2.319 0.654 -0.087 -0.382 -0.517 -0.608
0.0028419 -0.73370 10.11594 0.8382422924 2.4314001486    0.830  2.028  3.6614  1.927    3  0.000  0.503     0.00     0.00     0.00     0.00     0.00 -1 -1.83e-11      0.00 7.357e-01 2.614e-01 4.852e-04 1.755e-04 1.294e-03 -1.000 2.945e-03 -0.299 2.285 0.573 -0.188 -0.488 -0.625 -0.718
0.0028419 -0.73370 10.11594 0.8382894397 2.4314149570    0.830  2.070  3.6587  1.874    3  0.000  0.503     0.00     0.00     0.00     0.00     0.00 -1 -2.13e-11      0.00 7.357e-01 2.614e-01 4.852e-04 1.755e-04 1.294e-03 -1.000 2.945e-03 -0.404 2.257 0.495 -0.286 -0.590 -0.731 -0.825
0.0028419 -0.73370 10.11594 0.8383334875 2.4314287902    0.830  2.112  3.6560  1.821    3  0.000  0.503     0.00     0.00     0.00     0.00     0.00 -1 -2.49e-11      0.00 7.357e-01 2.614e-01 4.852e-04 1.756e-04 1.294e-03 -1.000 2.945e-03 -0.510 2.232 0.418 -0.384 -0.693 -0.836 -0.933
0.0028419 -0.73370 10.11594 0.8383725882 2.4314410683    0.829  2.153  3.6532  1.769    3  0.000  0.503     0.00     0.00     0.00     0.00     0.00 -1 -2.89e-11      0.00 7.357e-01 2.614e-01 4.852e-04 1.756e-04 1.294e-03 -1.000 2.945e-03 -0.612 2.210 0.344 -0.478 -0.791 -0.938 -1.037
0.0028419 -0.73370 10.11594 0.8384093642 2.4314526153    0.829  2.194  3.6505  1.717    3  0.000  0.503     0.00     0.00     0.00     0.00     0.00 -1 -3.36e-11      0.00 7.357e-01 2.614e-01 4.851e-04 1.756e-04 1.294e-03 -1.000 2.945e-03 -0.714 2.189 0.270 -0.572 -0.890 -1.040 -1.141
0.0028419 -0.73370 10.11594 0.8384429216 2.4314631507    0.828  2.234  3.6478  1.665    3  0.000  0.503     0.00     0.00     0.00     0.00     0.00 -1  -3.9e-11      0.00 7.357e-01 2.614e-01 4.851e-04 1.756e-04 1.294e-03 -1.000 2.945e-03 -0.816 2.174 0.200 -0.663 -0.986 -1.140 -1.242
0.0028419 -0.73370 10.11594 0.8384740949 2.4314729366    0.828  2.275  3.6450  1.613    3  0.000  0.503     0.00     0.00     0.00     0.00     0.00 -1 -4.52e-11      0.00 7.357e-01 2.614e-01 4.851e-04 1.756e-04 1.294e-03 -1.000 2.945e-03 -0.917 2.163 0.130 -0.754 -1.082 -1.239 -1.344
0.0028419 -0.73370 10.11594 0.8385022879 2.4314817863    0.827  2.314  3.6422  1.562    3  0.000  0.503     0.00     0.00     0.00     0.00     0.00 -1 -5.22e-11      0.00 7.356e-01 2.614e-01 4.851e-04 1.756e-04 1.294e-03 -1.000 2.945e-03 -1.015 2.155 0.063 -0.841 -1.174 -1.335 -1.442
0.0028419 -0.73370 10.11594 0.8385288715 2.4314901302    0.826  2.354  3.6394  1.511    3  0.000  0.503     0.00     0.00     0.00     0.00     0.00 -1 -6.05e-11      0.00 7.356e-01 2.614e-01 4.851e-04 1.756e-04 1.294e-03 -1.000 2.945e-03 -1.115 2.151 -0.003 -0.928 -1.267 -1.432 -1.541
0.0028419 -0.73370 10.11594 0.8385536075 2.4314978936    0.826  2.394  3.6366  1.459    3  0.000  0.503     0.00     0.00     0.00     0.00     0.00 -1    -7e-11      0.00 7.356e-01 2.614e-01 4.851e-04 1.757e-04 1.294e-03 -1.000 2.945e-03 -1.215 2.145 -0.068 -1.013 -1.359 -1.529 -1.640
0.0028419 -0.73370 10.11594 0.8385757804 2.4315048522    0.825  2.432  3.6337  1.409    3  0.000  0.503     0.00     0.00     0.00     0.00     0.00 -1 -8.07e-11      0.00 7.356e-01 2.614e-01 4.851e-04 1.757e-04 1.294e-03 -1.000 2.945e-03 -1.311 2.142 -0.128 -1.092 -1.448 -1.622 -1.737
0.0028419 -0.73370 10.11594 0.8385969996 2.4315115110    0.824  2.472  3.6309  1.357    3  0.000  0.503     0.00     0.00     0.00     0.00     0.00 -1 -9.33e-11      0.00 7.356e-01 2.614e-01 4.851e-04 1.757e-04 1.294e-03 -1.000 2.945e-03 -1.410 2.137 -0.191 -1.175 -1.539 -1.718 -1.836
0.0028419 -0.73370 10.11594 0.8386202455 2.4315188054    0.823  2.519  3.6274  1.296    3  0.000  0.503    10.41     7.78     5.44     4.22     3.42  3 -1.11e-10      0.00 7.356e-01 2.614e-01 4.851e-04 1.757e-04 1.294e-03 -1.000 2.946e-03 -1.527 2.137 -0.262 -1.271 -1.645 -1.831 -1.953
0.0028419 -0.73370 10.11594 0.8386374116 2.4315241917    0.822  2.556  3.6246  1.247    3  0.000  0.503    11.55     8.50     5.92     4.60     3.73  3 -1.27e-10      0.00 7.356e-01 2.614e-01 4.851e-04 1.757e-04 1.294e-03 -1.000 2.946e-03 -1.620 2.140 -0.316 -1.345 -1.730 -1.920 -2.045
0.0028419 -0.73370 10.11594 0.8386541605 2.4315294469    0.821  2.595  3.6217  1.196    3  0.000  0.503    12.85     9.31     6.46     5.03     4.07  3 -1.47e-10      0.00 7.356e-01 2.614e-01 4.851e-04 1.757e-04 1.294e-03 -1.000 2.946e-03 -1.717 2.142 -0.374 -1.424 -1.817 -2.013 -2.142
0.0028419 -0.73370 10.11594 0.8386722803 2.4315351319    0.819  2.640  3.6182  1.137    3  0.000  0.503    14.57    10.36     7.16     5.58     4.52  3 -1.73e-10      0.00 7.356e-01 2.614e-01 4.851e-04 1.757e-04 1.294e-03 -1.000 2.946e-03 -1.829 2.148 -0.437 -1.512 -1.918 -2.119 -2.253
0.0028419 -0.73370 10.11594 0.8386861086 2.4315394703    0.818  2.677  3.6155  1.088    3  0.000  0.503    16.14    11.31     7.78     6.07     4.92  3 -1.99e-10      0.00 7.356e-01 2.614e-01 4.851e-04 1.757e-04 1.294e-03 -1.000 2.946e-03 -1.921 2.153 -0.488 -1.584 -2.000 -2.207 -2.343
0.0028419 -0.73370 10.11594 0.8386992216 2.4315435841    0.817  2.714  3.6126  1.039    3  0.000  0.503    17.90    12.36     8.47     6.62     5.36  2 -2.28e-10      0.00 7.356e-01 2.614e-01 4.851e-04 1.757e-04 1.294e-03 -1.000 2.946e-03 -2.014 2.162 -0.539 -1.656 -2.082 -2.294 -2.435
0.0028419 -0.73370 10.11594 0.8387138844 2.4315481839    0.815  2.758  3.6090  0.979    3  0.000  0.503    20.28    13.75     9.37     7.34     5.95  2 -2.69e-10      0.00 7.356e-01 2.614e-01 4.850e-04 1.757e-04 1.294e-03 -1.000 2.946e-03 -2.125 2.177 -0.595 -1.740 -2.179 -2.398 -2.544
0.0028419 -0.73370 10.11594 0.8387273550 2.4315524096    0.813  2.802  3.6056  0.921    3  0.000  0.503    22.95    15.28    10.37     8.13     6.59  2 -3.16e-10      0.00 7.356e-01 2.614e-01 4.850e-04 1.757e-04 1.294e-03 -1.000 2.946e-03 -2.235 2.197 -0.647 -1.821 -2.275 -2.502 -2.652
0.0028419 -0.73370 10.11594 0.8387379050 2.4315557190    0.811  2.838  3.6028  0.872    3  0.000  0.503    25.43    16.68    11.27     8.85     7.18  2 -3.63e-10      0.00 7.356e-01 2.614e-01 4.850e-04 1.757e-04 1.294e-03 -1.000 2.946e-03 -2.326 2.214 -0.689 -1.888 -2.354 -2.587 -2.742
0.0028419 -0.73370 10.11594 0.8387492299 2.4315592714    0.809  2.880  3.5993  0.815    3  0.000  0.503    28.66    18.47    12.43     9.77     7.93  2 -4.24e-10      0.00 7.356e-01 2.614e-01 4.850e-04 1.757e-04 1.294e-03 -1.000 2.946e-03 -2.431 2.238 -0.734 -1.962 -2.444 -2.685 -2.844
0.0028419 -0.73370 10.11594 0.8387600183 2.4315626553    0.807  2.923  3.5958  0.757    3  0.000  0.503    32.37    20.50    13.72    10.81     8.77  2 -4.97e-10      0.00 7.356e-01 2.614e-01 4.850e-04 1.757e-04 1.294e-03 -1.000 2.946e-03 -2.537 2.259 -0.778 -2.035 -2.535 -2.784 -2.948
0.0028419 -0.73370 10.11594 0.8387699723 2.4315657775    0.804  2.965  3.5925  0.700    3  0.000  0.503    36.49    22.70    15.12    11.93     9.69  1 -5.82e-10      0.00 7.356e-01 2.614e-01 4.850e-04 1.758e-04 1.294e-03 -1.000 2.946e-03 -2.642 2.279 -0.820 -2.107 -2.624 -2.881 -3.051
0.0028419 -0.73370 10.11594 0.8387792110 2.4315686752    0.801  3.006  3.5890  0.643    3  0.000  0.503    41.12    25.13    16.67    13.17    10.69  1 -6.81e-10      0.00 7.356e-01 2.614e-01 4.850e-04 1.758e-04 1.294e-03 -1.000 2.946e-03 -2.746 2.299 -0.861 -2.176 -2.712 -2.977 -3.152
0.0028419 -0.73370 10.11594 0.8387874961 2.4315712738    0.798  3.046  3.5856  0.588    3  0.000  0.503    46.16    27.73    18.31    14.49    11.77  1 -7.92e-10      0.00 7.356e-01 2.614e-01 4.850e-04 1.758e-04 1.294e-03 -1.000 2.946e-03 -2.845 2.318 -0.894 -2.237 -2.793 -3.068 -3.248
0.0028419 -0.73370 10.11594 0.8387953639 2.4315737414    0.795  3.086  3.5822  0.533    3  0.000  0.503    51.86    30.62    20.12    15.95    12.96  1 -9.21e-10      0.00 7.356e-01 2.614e-01 4.850e-04 1.758e-04 1.294e-03 -1.000 2.946e-03 -2.945 2.336 -0.926 -2.299 -2.875 -3.159 -3.345
0.0028419 -0.73370 10.11594 0.8388026357 2.4315760220    0.791  3.125  3.5789  0.479    3  0.000  0.503    58.12    33.73    22.07    17.52    14.24  1 -1.07e-09      0.00 7.356e-01 2.614e-01 4.850e-04 1.758e-04 1.294e-03 -1.000 2.946e-03 -3.042 2.353 -0.953 -2.354 -2.954 -3.248 -3.439
0.0028419 -0.73370 10.11594 0.8388094306 2.4315781531    0.787  3.163  3.5755  0.424    3  0.000  0.503    65.17    37.18    24.22    19.26    15.65  1 -1.24e-09      0.00 7.356e-01 2.614e-01 4.850e-04 1.758e-04 1.294e-03 -1.000 2.946e-03 -3.139 2.366 -0.972 -2.401 -3.030 -3.336 -3.534
0.0028419 -0.73370 10.11594 0.8388156295 2.4315800972    0.783  3.200  3.5721  0.371    3  0.000  0.503    72.82    40.84    26.49    21.10    17.15  1 -1.43e-09      0.00 7.356e-01 2.614e-01 4.850e-04 1.758e-04 1.294e-03 -1.000 2.946e-03 -3.231 2.379 -0.987 -2.444 -3.102 -3.421 -3.625
0.0028419 -0.73370 10.11594 0.8388213515 2.4315818917    0.778  3.236  3.5687  0.320    3  0.000  0.503    81.14    44.77    28.91    23.07    18.75  0 -1.64e-09      0.00 7.356e-01 2.614e-01 4.850e-04 1.758e-04 1.294e-03 -1.000 2.946e-03 -3.320 2.389 -0.997 -2.480 -3.170 -3.502 -3.712
0.0028419 -0.73370 10.11594 0.8388266563 2.4315835553    0.773  3.271  3.5654  0.269    3  0.000  0.503    90.34    49.02    31.52    25.19    20.48  0 -1.88e-09      0.00 7.356e-01 2.614e-01 4.850e-04 1.758e-04 1.294e-03 -1.000 2.946e-03 -3.407 2.392 -1.001 -2.506 -3.234 -3.581 -3.798
0.0028419 -0.73370 10.11594 0.8388317227 2.4315851441    0.767  3.306  3.5621  0.218    3  0.000  0.503   100.52    53.64    34.35    27.49    22.36  0 -2.16e-09      0.00 7.356e-01 2.614e-01 4.850e-04 1.758e-04 1.294e-03 -1.000 2.946e-03 -3.494 2.393 -1.005 -2.532 -3.298 -3.659 -3.882
0.0028419 -0.73370 10.11594 0.8388365507 2.4315866582    0.761  3.339  3.5589  0.169    3  0.000  0.503   111.47    58.52    37.32    29.92    24.33  0 -2.46e-09      0.00 7.356e-01 2.614e-01 4.850e-04 1.758e-04 1.294e-03 -1.000 2.946e-03 -3.577 2.392 -1.005 -2.551 -3.357 -3.733 -3.964
0.0028419 -0.73370 10.11594 0.8388401270 2.4315877797    0.757  3.362  3.5567  0.133    3  0.000  0.503   120.03    62.27    39.60    31.78    25.85  0 -2.71e-09      0.00 7.356e-01 2.614e-01 4.850e-04 1.758e-04 1.294e-03 -1.000 2.946e-03 -3.635 2.390 -0.999 -2.556 -3.397 -3.785 -4.021
0.0028419 -0.73370 10.11594 0.8388401270 2.4315877797    0.752  1.709  3.7188  2.433    4  0.000  0.504     0.00     0.00     0.00     0.00     0.00 -1    -1e-30      0.00 7.344e-01 2.626e-01 4.891e-04 1.737e-04 1.298e-03 -1.000 2.964e-03 0.498 2.126 0.978 0.474 0.286 0.217 0.174
0.0028419 -0.73370 10.11594 0.8389009833 2.4316068623    0.752  1.723  3.7178  2.415    4  0.000  0.504     0.00     0.00     0.00     0.00     0.00 -1    -1e-30      0.00 7.344e-01 2.626e-01 4.891e-04 1.737e-04 1.298e-03 -1.000 2.965e-03 0.463 2.105 0.949 0.441 0.251 0.180 0.137
0.0028419 -0.73370 10.11594 0.8389618397 2.4316259417    0.753  1.726  3.7177  2.411    4  0.000  0.504     0.00     0.00     0.00     0.00     0.00 -1    -1e-30      0.00 7.344e-01 2.626e-01 4.891e-04 1.737e-04 1.298e-03 -1.000 2.965e-03 0.454 2.099 0.941 0.433 0.242 0.172 0.128
0.0028419 -0.73370 10.11594 0.8390185237 2.4316437101    0.753  1.727  3.7178  2.410    4  0.000  0.504     0.00     0.00     0.00     0.00     0.00 -1    -1e-30      0.00 7.344e-01 2.626e-01 4.891e-04 1.737e-04 1.298e-03 -1.000 2.965e-03 0.452 2.094 0.938 0.430 0.239 0.169 0.125
0.0028419 -0.73370 10.11594 0.8390755057 2.4316615692    0.753  1.727  3.7182  2.412    4  0.000  0.504     0.00     0.00     0.00     0.00     0.00 -1    -1e-30      0.00 7.344e-01 2.626e-01 4.891e-04 1.737e-04 1.298e-03 -1.000 2.964e-03 0.452 2.089 0.936 0.429 0.240 0.170 0.126
0.0028419 -0.73370 10.11594 0.8391332626 2.4316796683    0.753  1.726  3.7188  2.416    4  0.000  0.504     0.00     0.00     0.00     0.00     0.00 -1    -1e-30      0.00 7.344e-01 2.626e-01 4.891e-04 1.737e-04 1.298e-03 -1.000 2.964e-03 0.454 2.084 0.935 0.431 0.243 0.173 0.130
0.0028419 -0.73370 10.11594 0.8391922116 2.4316981380    0.753  1.725  3.7195  2.420    4  0.000  0.504     0.00     0.00     0.00     0.00     0.00 -1    -1e-30      0.00 7.344e-01 2.626e-01 4.891e-04 1.737e-04 1.298e-03 -1.000 2.964e-03 0.459 2.079 0.936 0.434 0.247 0.179 0.136
0.0028419 -0.73370 10.11594 0.8392509222 2.4317165300    0.753  1.723  3.7203  2.425    4  0.000  0.504     0.00     0.00     0.00     0.00     0.00 -1    -1e-30      0.00 7.344e-01 2.626e-01 4.891e-04 1.737e-04 1.298e-03 -1.000 2.964e-03 0.464 2.075 0.937 0.438 0.252 0.185 0.143
0.0028419 -0.73370 10.11594 0.8393087387 2.4317346391    0.753  1.721  3.7211  2.430    4  0.000  0.504     0.00     0.00     0.00     0.00     0.00 -1    -1e-30      0.00 7.344e-01 2.626e-01 4.891e-04 1.737e-04 1.298e-03 -1.000 2.964e-03 0.468 2.071 0.938 0.442 0.258 0.191 0.150
0.0028419 -0.73370 10.11594 0.8393692970 2.4317536039    0.753  1.719  3.7218  2.435    4  0.000  0.504     0.00     0.00     0.00     0.00     0.00 -1    -1e-30      0.00 7.344e-01 2.626e-01 4.891e-04 1.737e-04 1.298e-03 -1.000 2.965e-03 0.473 2.066 0.939 0.446 0.263 0.197 0.156
0.0028419 -0.73370 10.11594 0.8394258022 2.4317712965    0.753  1.717  3.7224  2.439    4  0.000  0.504     0.00     0.00     0.00     0.00     0.00 -1    -1e-30      0.00 7.344e-01 2.626e-01 4.891e-04 1.737e-04 1.298e-03 -1.000 2.964e-03 0.477 2.063 0.939 0.449 0.267 0.201 0.161
0.0028419 -0.73370 10.11594 0.8394870162 2.4317904604    0.753  1.716  3.7231  2.443    4  0.000  0.504     0.00     0.00     0.00     0.00     0.00 -1    -1e-30      0.00 7.344e-01 2.626e-01 4.891e-04 1.737e-04 1.298e-03 -1.000 2.964e-03 0.480 2.059 0.940 0.452 0.271 0.206 0.166
0.0028419 -0.73370 10.11594 0.8395464420 2.4318090615    0.753  1.715  3.7236  2.447    4  0.000  0.504     0.00     0.00     0.00     0.00     0.00 -1    -1e-30      0.00 7.344e-01 2.626e-01 4.891e-04 1.737e-04 1.298e-03 -1.000 2.965e-03 0.483 2.056 0.940 0.454 0.274 0.210 0.171
0.0028419 -0.73370 10.11594 0.8396046758 2.4318272864    0.753  1.714  3.7241  2.450    4  0.000  0.504     0.00     0.00     0.00     0.00     0.00 -1    -1e-30      0.00 7.344e-01 2.626e-01 4.891e-04 1.737e-04 1.298e-03 -1.000 2.964e-03 0.486 2.052 0.940 0.456 0.277 0.213 0.174
0.0028419 -0.73370 10.11594 0.8396511674 2.4318418345    0.753  1.713  3.7244  2.451    4  0.000  0.504     0.00     0.00     0.00     0.00     0.00 -1    -1e-30      0.00 7.344e-01 2.626e-01 4.891e-04 1.737e-04 1.298e-03 -1.000 2.964e-03 0.487 2.050 0.940 0.457 0.278 0.215 0.176
0.0028419 -0.73370 10.11594 0.8396629691 2.4318455272    0.753  1.713  3.7245  2.452    4  0.000  0.504     0.00     0.00     0.00     0.00     0.00 -1    -1e-30      0.00 7.344e-01 2.626e-01 4.891e-04 1.737e-04 1.298e-03 -1.000 2.964e-03 0.487 2.050 0.940 0.457 0.279 0.215 0.177
0.0028419 -0.73370 10.11594 0.8397210836 2.4318637090    0.753  1.713  3.7248  2.454    4  0.000  0.504     0.00     0.00     0.00     0.00     0.00 -1    -1e-30      0.00 7.344e-01 2.626e-01 4.891e-04 1.737e-04 1.298e-03 -1.000 2.964e-03 0.488 2.047 0.939 0.458 0.280 0.217 0.179
0.0028419 -0.73370 10.11594 0.8397774696 2.4318813473    0.753  1.713  3.7250  2.455    4  0.000  0.504     0.00     0.00     0.00     0.00     0.00 -1    -1e-30      0.00 7.344e-01 2.626e-01 4.891e-04 1.737e-04 1.298e-03 -1.000 2.964e-03 0.488 2.044 0.938 0.458 0.280 0.218 0.179
0.0028419 -0.73370 10.11594 0.8398361802 2.4318997099    0.754  1.713  3.7252  2.455    4  0.000  0.504     0.00     0.00     0.00     0.00     0.00 -1    -1e-30      0.00 7.344e-01 2.626e-01 4.891e-04 1.737e-04 1.298e-03 -1.000 2.964e-03 0.488 2.042 0.937 0.457 0.280 0.217 0.179
0.0028419 -0.73370 10.11594 0.8398955464 2.4319182745    0.754  1.713  3.7252  2.455    4  0.000  0.504     0.00     0.00     0.00     0.00     0.00 -1    -1e-30      0.00 7.344e-01 2.626e-01 4.891e-04 1.737e-04 1.298e-03 -1.000 2.964e-03 0.486 2.040 0.935 0.455 0.278 0.216 0.178
0.0028419 -0.73370 10.11594 0.8399518728 2.4319358858    0.754  1.714  3.7252  2.454    4  0.000  0.504     0.00     0.00     0.00     0.00     0.00 -1    -1e-30      0.00 7.344e-01 2.626e-01 4.891e-04 1.737e-04 1.298e-03 -1.000 2.964e-03 0.484 2.038 0.933 0.453 0.276 0.213 0.175
0.0028419 -0.73370 10.11594 0.8400127292 2.4319549103    0.754  1.716  3.7251  2.452    4  0.000  0.504     0.00     0.00     0.00     0.00     0.00 -1    -1e-30      0.00 7.344e-01 2.626e-01 4.891e-04 1.737e-04 1.298e-03 -1.000 2.965e-03 0.480 2.036 0.930 0.449 0.272 0.209 0.171
0.0028419 -0.73370 10.11594 0.8400721550 2.4319734846    0.754  1.718  3.7248  2.449    4  0.000  0.504     0.00     0.00     0.00     0.00     0.00 -1    -1e-30      0.00 7.344e-01 2.626e-01 4.891e-04 1.737e-04 1.298e-03 -1.000 2.964e-03 0.475 2.035 0.926 0.445 0.267 0.204 0.166
0.0028419 -0.73370 10.11594 0.8400844336 2.4319773220    0.754  1.718  3.7247  2.448    4  0.000  0.504     0.00     0.00     0.00     0.00     0.00 -1    -1e-30      0.00 7.344e-01 2.626e-01 4.891e-04 1.737e-04 1.298e-03 -1.000 2.964e-03 0.474 2.034 0.926 0.444 0.266 0.203 0.164
0.0028419 -0.73370 10.11594 0.8401403427 2.4319947938    0.754  1.721  3.7243  2.444    4  0.000  0.504     0.00     0.00     0.00     0.00     0.00 -1    -1e-30      0.00 7.344e-01 2.626e-01 4.891e-04 1.737e-04 1.298e-03 -1.000 2.964e-03 0.468 2.033 0.921 0.438 0.259 0.196 0.157
0.0028419 -0.73370 10.11594 0.8401983380 2.4320129147    0.754  1.724  3.7238  2.439    4  0.000  0.504     0.00     0.00     0.00     0.00     0.00 -1    -1e-30      0.00 7.344e-01 2.626e-01 4.891e-04 1.737e-04 1.298e-03 -1.000 2.964e-03 0.460 2.031 0.916 0.430 0.251 0.187 0.148
0.0028419 -0.73370 10.11594 0.8402588964 2.4320318333    0.754  1.728  3.7232  2.432    4  0.000  0.504     0.00     0.00     0.00     0.00     0.00 -1    -1e-30      0.00 7.344e-01 2.626e-01 4.891e-04 1.737e-04 1.298e-03 -1.000 2.964e-03 0.450 2.028 0.909 0.421 0.241 0.176 0.137
0.0028419 -0.73370 10.11594 0.8403168917 2.4320499483    0.754  1.732  3.7226  2.426    4  0.000  0.504     0.00     0.00     0.00     0.00     0.00 -1    -1e-30      0.00 7.344e-01 2.626e-01 4.891e-04 1.737e-04 1.298e-03 -1.000 2.964e-03 0.440 2.026 0.902 0.412 0.230 0.164 0.124
0.0028419 -0.73370 10.11594 0.8403726816 2.4320673717    0.754  1.737  3.7218  2.418    4  0.000  0.504     0.00     0.00     0.00     0.00     0.00 -1    -1e-30      0.00 7.344e-01 2.626e-01 4.891e-04 1.737e-04 1.298e-03 -1.000 2.964e-03 0.428 2.023 0.894 0.401 0.218 0.152 0.111
0.0028419 -0.73370 10.11594 0.8404285312 2.4320848111    0.754  1.742  3.7210  2.410    4  0.000  0.504     0.00     0.00     0.00     0.00     0.00 -1    -1e-30      0.00 7.344e-01 2.626e-01 4.891e-04 1.737e-04 1.298e-03 -1.000 2.964e-03 0.415 2.020 0.885 0.389 0.204 0.137 0.096
0.0028419 -0.73370 10.11594 0.8404852152 2.4321025083    0.754  1.748  3.7201  2.401    4  0.000  0.504     0.00     0.00     0.00     0.00     0.00 -1    -1e-30      0.00 7.344e-01 2.626e-01 4.891e-04 1.737e-04 1.298e-03 -1.000 2.964e-03 0.401 2.016 0.875 0.375 0.189 0.121 0.080
0.0028419 -0.73370 10.11594 0.8405410647 2.4321199423    0.754  1.752  3.7195  2.393    4  0.000  0.504     0.00     0.00     0.00     0.00     0.00 -1    -1e-30      0.00 7.344e-01 2.626e-01 4.891e-04 1.737e-04 1.298e-03 -1.000 2.964e-03 0.390 2.013 0.866 0.365 0.177 0.109 0.067
0.0028419 -0.73370 10.11594 0.8406018615 2.4321389176    0.754  1.756  3.7191  2.388    4  0.000  0.504     0.00     0.00     0.00     0.00     0.00 -1    -1e-30      0.00 7.344e-01 2.626e-01 4.891e-04 1.737e-04 1.298e-03 -1.000 2.964e-03 0.380 2.009 0.859 0.356 0.168 0.099 0.056
0.0028419 -0.73370 10.11594 0.8406589627 2.4321567366    0.754  1.761  3.7182  2.379    4  0.000  0.504     0.00     0.00     0.00     0.00     0.00 -1    -1e-30      0.00 7.344e-01 2.626e-01 4.891e-04 1.737e-04 1.298e-03 -1.000 2.964e-03 0.367 2.008 0.851 0.344 0.154 0.084 0.041
0.0028419 -0.73370 10.11594 0.8407167792 2.4321747759    0.755  1.781  3.7155  2.349    4  0.000  0.504     0.00     0.00     0.00     0.00     0.00 -1    -1e-30      0.00 7.344e-01 2.626e-01 4.891e-04 1.737e-04 1.298e-03 -1.000 2.964e-03 0.318 1.995 0.816 0.298 0.104 0.031 -0.015
0.0028419 -0.73370 10.11594 0.8407730460 2.4321923291    0.755  1.811  3.7116  2.303    4  0.000  0.504     0.00     0.00     0.00     0.00     0.00 -1    -1e-30      0.00 7.344e-01 2.626e-01 4.891e-04 1.737e-04 1.298e-03 -1.000 2.964e-03 0.242 1.973 0.762 0.228 0.026 -0.051 -0.100
0.0028419 -0.73370 10.11594 0.8408065438 2.4322027778    0.755  1.846  3.7072  2.251    4  0.000  0.504     0.00     0.00     0.00     0.00     0.00 -1    -1e-30      0.00 7.344e-01 2.626e-01 4.891e-04 1.737e-04 1.298e-03 -1.000 2.965e-03 0.155 1.948 0.700 0.148 -0.062 -0.144 -0.196
0.0028419 -0.73370 10.11594 0.8408226967 2.4322078159    0.755  1.881  3.7030  2.199    4  0.000  0.504     0.00     0.00     0.00     0.00     0.00 -1    -1e-30      0.00 7.344e-01 2.626e-01 4.891e-04 1.737e-04 1.298e-03 -1.000 2.964e-03 0.069 1.924 0.638 0.069 -0.148 -0.235 -0.292
0.0028419 -0.73370 10.11594 0.8408312798 2.4322104929    0.755  1.919  3.6984  2.143    4  0.000  0.504     0.00     0.00     0.00     0.00     0.00 -1    -1e-30      0.00 7.344e-01 2.626e-01 4.891e-04 1.737e-04 1.298e-03 -1.000 2.964e-03 -0.027 1.897 0.570 -0.018 -0.244 -0.336 -0.396
0.0028419 -0.73370 10.11594 0.8408353329 2.4322117571    0.755  1.956  3.6941  2.089    4  0.000  0.504     0.00     0.00     0.00     0.00     0.00 -1    -1e-30      0.00 7.344e-01 2.626e-01 4.891e-04 1.737e-04 1.298e-03 -1.000 2.964e-03 -0.119 1.873 0.506 -0.101 -0.335 -0.432 -0.496
0.0028419 -0.73370 10.11594 0.8408375382 2.4322124449    0.755  1.992  3.6900  2.035    4  0.000  0.504     0.00     0.00     0.00     0.00     0.00 -1    -1e-30      0.00 7.344e-01 2.626e-01 4.891e-04 1.737e-04 1.298e-03 -1.000 2.964e-03 -0.211 1.847 0.440 -0.184 -0.426 -0.528 -0.596
0.0028419 -0.73370 10.11594 0.8408388495 2.4322128538    0.755  2.026  3.6864  1.987    4  0.000  0.504     0.00     0.00     0.00     0.00     0.00 -1    -1e-30      0.00 7.344e-01 2.626e-01 4.891e-04 1.737e-04 1.298e-03 -1.000 2.964e-03 -0.295 1.827 0.382 -0.258 -0.508 -0.614 -0.685
0.0028419 -0.73370 10.11594 0.8408394456 2.4322130397    0.755  2.046  3.6843  1.958    7  0.000  0.504     0.00     0.00     0.00     0.00     0.00 -1 -4.03e-12      0.00 7.344e-01 2.612e-01 4.891e-04 1.737e-04 1.298e-03 -1.000 4.391e-03 -0.346 1.821 0.347 -0.305 -0.558 -0.667 -0.739
0.0028419 -0.73370 10.11594 0.8408402801 2.4322133000    0.755  2.080  3.6809  1.912    7  0.000  0.504     0.00     0.00     0.00     0.00     0.00 -1 -3.98e-10      0.00 7.344e-01 2.611e-01 4.891e-04 1.737e-04 1.298e-03 -1.000 4.527e-03 -0.429 1.813 0.289 -0.384 -0.642 -0.754 -0.829
0.0028419 -0.73370 10.11594 0.8408411741 2.4322135788    0.755  2.117  3.6773  1.860    7  0.000  0.504     0.00     0.00     0.00     0.00     0.00 -1 -1.56e-09      0.00 7.344e-01 2.610e-01 4.891e-04 1.737e-04 1.298e-03 -1.000 4.563e-03 -0.523 1.804 0.225 -0.471 -0.735 -0.851 -0.928
0.0028419 -0.73370 10.11594 0.8408421874 2.4322138949    0.754  2.142  3.6748  1.825    7  0.000  0.504     0.00     0.00     0.00     0.00     0.00 -1 -1.79e-09      0.00 7.344e-01 2.610e-01 4.891e-04 1.737e-04 1.298e-03 -1.000 4.563e-03 -0.586 1.799 0.183 -0.530 -0.798 -0.916 -0.995
0.0028419 -0.73370 10.11594 0.8408446908 2.4322146756    0.754  2.144  3.6747  1.822    7  0.000  0.504     0.00     0.00     0.00     0.00     0.00 -1 -1.81e-09      0.00 7.344e-01 2.610e-01 4.891e-04 1.737e-04 1.298e-03 -1.000 4.563e-03 -0.591 1.798 0.179 -0.535 -0.803 -0.921 -1.001
0.0028419 -0.73370 10.11594 0.8408472538 2.4322154749    0.754  2.130  3.6761  1.842    7  0.000  0.504     0.00     0.00     0.00     0.00     0.00 -1 -1.67e-09      0.00 7.344e-01 2.610e-01 4.891e-04 1.737e-04 1.298e-03 -1.000 4.563e-03 -0.555 1.801 0.203 -0.502 -0.767 -0.884 -0.963
0.0028419 -0.73370 10.11594 0.8408762217 2.4322245089    0.752  2.127  3.6762  1.844    7  0.000  0.504     0.00     0.00     0.00     0.00     0.00 -1 -1.67e-09      0.00 7.344e-01 2.610e-01 4.891e-04 1.737e-04 1.298e-03 -1.000 4.563e-03 -0.549 1.803 0.208 -0.496 -0.761 -0.878 -0.956
0.0028419 -0.73370 10.11594 0.8409011960 2.4322322969    0.750  2.166  3.6724  1.788    7  0.000  0.504     0.00     0.00     0.00     0.00     0.00 -1 -2.09e-09      0.00 7.344e-01 2.610e-01 4.891e-04 1.737e-04 1.298e-03 -1.000 4.563e-03 -0.646 1.798 0.144 -0.585 -0.857 -0.978 -1.059
0.0028419 -0.73370 10.11594 0.8409180641 2.4322375568    0.748  2.207  3.6684  1.731    7  0.000  0.504     0.00     0.00     0.00     0.00     0.00 -1 -2.64e-09      0.00 7.344e-01 2.610e-01 4.891e-04 1.737e-04 1.298e-03 -1.000 4.563e-03 -0.747 1.798 0.079 -0.677 -0.956 -1.081 -1.165
0.0028419 -0.73370 10.11594 0.8409323096 2.4322419986    0.746  2.245  3.6647  1.677    7  0.000  0.504     0.00     0.00     0.00     0.00     0.00 -1 -3.28e-09      0.00 7.344e-01 2.610e-01 4.891e-04 1.737e-04 1.298e-03 -1.000 4.563e-03 -0.842 1.801 0.019 -0.763 -1.048 -1.178 -1.264
0.0028419 -0.73370 10.11594 0.8409485817 2.4322470722    0.743  2.286  3.6608  1.619    7  0.000  0.504     0.00     0.00     0.00     0.00     0.00 -1 -4.16e-09      0.00 7.344e-01 2.610e-01 4.891e-04 1.737e-04 1.298e-03 -1.000 4.563e-03 -0.944 1.805 -0.046 -0.855 -1.147 -1.281 -1.369
0.0028419 -0.73370 10.11594 0.8409634233 2.4322516995    0.740  2.325  3.6571  1.563    7  0.000  0.504     0.00     0.00     0.00     0.00     0.00 -1 -5.21e-09      0.00 7.344e-01 2.610e-01 4.891e-04 1.737e-04 1.298e-03 -1.000 4.563e-03 -1.043 1.811 -0.108 -0.942 -1.240 -1.379 -1.470
0.0028419 -0.73370 10.11594 0.8409768343 2.4322558807    0.737  2.365  3.6534  1.506    7  0.000  0.504     0.00     0.00     0.00     0.00     0.00 -1 -6.56e-09      0.00 7.344e-01 2.610e-01 4.891e-04 1.737e-04 1.298e-03 -1.000 4.562e-03 -1.142 1.822 -0.168 -1.028 -1.332 -1.476 -1.570
0.0028419 -0.73370 10.11594 0.8409889340 2.4322596529    0.733  2.404  3.6498  1.451    7  0.000  0.504     0.00     0.00     0.00     0.00     0.00 -1 -8.24e-09      0.00 7.344e-01 2.611e-01 4.891e-04 1.737e-04 1.298e-03 -1.000 4.532e-03 -1.239 1.830 -0.227 -1.109 -1.423 -1.572 -1.669
0.0028419 -0.73370 10.11594 0.8409997225 2.4322630162    0.728  2.442  3.6463  1.395    7  0.000  0.504     0.00     0.00     0.00     0.00     0.00 -1 -1.03e-08      0.00 7.344e-01 2.611e-01 4.890e-04 1.737e-04 1.298e-03 -1.000 4.514e-03 -1.335 1.842 -0.282 -1.187 -1.510 -1.665 -1.766
0.0028419 -0.73370 10.11594 0.8410094976 2.4322660635    0.723  2.480  3.6428  1.340    7  0.000  0.504     0.00     0.00     0.00     0.00     0.00 -1 -1.28e-08      0.00 7.344e-01 2.611e-01 4.887e-04 1.738e-04 1.298e-03 -1.000 4.509e-03 -1.431 1.855 -0.337 -1.265 -1.597 -1.758 -1.862
0.0028419 -0.73370 10.11594 0.8410183191 2.4322688134    0.717  2.519  3.6393  1.284    7  0.000  0.503    10.23     7.67     5.35     4.17     3.38  3  -1.6e-08      0.00 7.344e-01 2.611e-01 4.879e-04 1.742e-04 1.298e-03 -1.000 4.452e-03 -1.526 1.868 -0.391 -1.342 -1.684 -1.850 -1.958
0.0028419 -0.73370 10.11594 0.8410264850 2.4322713589    0.711  2.557  3.6342  1.222    7  0.000  0.500    11.66     8.57     5.95     4.65     3.76  2 -2.01e-08      0.00 7.344e-01 2.612e-01 4.861e-04 1.756e-04 1.298e-03 -1.000 4.368e-03 -1.622 1.924 -0.425 -1.408 -1.764 -1.939 -2.053
0.0028419 -0.73370 10.11594 0.8410302997 2.4322725481    0.707  2.576  3.6309  1.187    7  0.000  0.499    12.53     9.10     6.30     4.93     3.99  2 -2.26e-08      0.00 7.344e-01 2.612e-01 4.847e-04 1.769e-04 1.298e-03 -1.000 4.372e-03 -1.669 1.974 -0.432 -1.436 -1.802 -1.982 -2.100
0.0028419 -0.73370 10.11594 0.8410374522 2.4322747776    0.698  2.613  3.6266  1.128    7  0.000  0.494    14.18    10.11     6.96     5.46     4.42  2 -2.84e-08      0.00 7.344e-01 2.612e-01 4.807e-04 1.810e-04 1.298e-03 -1.000 4.400e-03 -1.762 2.017 -0.470 -1.502 -1.882 -2.069 -2.192
0.0028419 -0.73370 10.11594 0.8410444260 2.4322769514    0.688  2.651  3.6209  1.061    7  0.000  0.489    16.30    11.36     7.79     6.11     4.95  2 -3.58e-08      0.00 7.344e-01 2.612e-01 4.760e-04 1.865e-04 1.298e-03 -1.000 4.402e-03 -1.856 2.101 -0.489 -1.559 -1.956 -2.154 -2.284
0.0028419 -0.73370 10.11594 0.8410511613 2.4322790508    0.676  2.688  3.6173  1.001    7  0.000  0.483    18.45    12.61     8.60     6.77     5.48  2 -4.61e-08      0.00 7.344e-01 2.613e-01 4.708e-04 1.927e-04 1.298e-03 -1.000 4.326e-03 -1.951 2.132 -0.530 -1.627 -2.037 -2.242 -2.376
0.0028419 -0.73370 10.11594 0.8410575986 2.4322810573    0.660  2.726  3.6140  0.940    7  0.000  0.479    20.88    13.98     9.48     7.48     6.06  2 -5.95e-08      0.00 7.343e-01 2.613e-01 4.660e-04 1.986e-04 1.298e-03 -1.000 4.361e-03 -2.044 2.166 -0.571 -1.695 -2.119 -2.330 -2.469
0.0028419 -0.73370 10.11594 0.8410635591 2.4322829152    0.642  2.762  3.6111  0.880    7  0.000  0.474    23.61    15.49    10.45     8.26     6.69  1 -7.76e-08      0.00 7.343e-01 2.613e-01 4.617e-04 2.037e-04 1.298e-03 -1.000 4.362e-03 -2.135 2.195 -0.613 -1.764 -2.199 -2.416 -2.559
0.0028419 -0.73370 10.11594 0.8410691023 2.4322846429    0.618  2.799  3.6087  0.817    7  0.000  0.470    26.79    17.18    11.53     9.14     7.40  1 -1.03e-07      0.00 7.343e-01 2.614e-01 4.579e-04 2.084e-04 1.298e-03 -1.000 4.303e-03 -2.228 2.210 -0.662 -1.837 -2.283 -2.505 -2.651
0.0028419 -0.73370 10.11594 0.8410736918 2.4322860734    0.593  2.835  3.6075  0.759    7  0.000  0.467    30.12    18.89    12.61    10.03     8.12  1  -1.4e-07      0.00 7.343e-01 2.614e-01 4.549e-04 2.121e-04 1.298e-03 -1.000 4.308e-03 -2.316 2.197 -0.723 -1.914 -2.367 -2.592 -2.740
0.0028419 -0.73370 10.11594 0.8410769701 2.4322870952    0.569  2.866  3.6083  0.713    7  0.000  0.465    32.96    20.30    13.49    10.76     8.71  1 -1.85e-07      0.00 7.343e-01 2.614e-01 4.526e-04 2.149e-04 1.298e-03 -1.000 4.292e-03 -2.394 2.135 -0.802 -1.997 -2.448 -2.672 -2.820
0.0028419 -0.73370 10.11594 0.8410798311 2.4322879869    0.543  2.897  3.6144  0.686    7  0.000  0.463    34.66    21.08    13.97    11.17     9.04  1 -2.44e-07      0.00 7.342e-01 2.615e-01 4.505e-04 2.175e-04 1.298e-03 -1.000 4.295e-03 -2.472 1.931 -0.954 -2.120 -2.551 -2.765 -2.905
0.0028419 -0.73370 10.11594 0.8410818577 2.4322886185    0.507  2.922  3.6389  0.728    7  0.000  0.460    31.21    19.18    12.75    10.20     8.25  1 -3.02e-07      0.00 7.342e-01 2.615e-01 4.482e-04 2.204e-04 1.298e-03 -1.000 4.314e-03 -2.536 1.220 -1.320 -2.349 -2.707 -2.877 -2.988
0.0028419 -0.73370 10.11594 1.0575710535 2.4842164518    0.537 -9.999  3.6010  7.943    9  0.538  0.000     0.00     0.00     0.00     0.00     0.00 -1    -1e-30      0.00 7.223e-01 2.747e-01 4.421e-04 2.711e-04 1.325e-03 -1.000 3.025e-03 29.767 33.663 31.352 30.119 29.563 29.322 29.183
